0 0.9671875 0.19609375 0.059765625 0.323828125
0 0.90859375 0.18125 0.040625 0.290625
0 0.8640625 0.17890625 0.040625 0.2953125
0 0.80390625 0.18984375 0.051171875 0.303125
0 0.7546875 0.18984375 0.05859375 0.303125
0 0.68515625 0.19453125 0.051171875 0.305078125
0 0.6 0.1890625 0.053125 0.32734375
0 0.553125 0.18984375 0.055859375 0.319921875
0 0.50234375 0.1859375 0.0484375 0.305859375
0 0.45703125 0.17890625 0.040625 0.290625
0 0.39765625 0.1859375 0.0453125 0.293359375
0 0.34765625 0.1875 0.0484375 0.290625
0 0.2953125 0.17578125 0.037890625 0.2859375
0 0.2515625 0.1734375 0.043359375 0.278515625
0 0.20703125 0.1828125 0.042578125 0.287890625
0 0.1515625 0.18046875 0.037890625 0.2765625
0 0.13125 0.47265625 0.043359375 0.269921875
0 0.16953125 0.46875 0.029296875 0.278515625
0 0.2671875 0.49140625 0.04609375 0.2859375
0 0.31640625 0.5 0.042578125 0.303125
0 0.36171875 0.4828125 0.03125 0.278515625
0 0.40625 0.4890625 0.028515625 0.278515625
0 0.453125 0.509375 0.053125 0.315234375
0 0.57421875 0.52421875 0.038671875 0.314453125
0 0.63359375 0.509375 0.053125 0.28125
0 0.678125 0.5421875 0.037890625 0.35859375
0 0.7484375 0.525 0.043359375 0.324609375
0 0.7984375 0.54453125 0.05859375 0.336328125
0 0.859375 0.53359375 0.04453125 0.319921875
0 0.91796875 0.52265625 0.0484375 0.3125
0 0.96640625 0.5359375 0.042578125 0.334375
0 0.09140625 0.78984375 0.0359375 0.261328125
0 0.140625 0.80625 0.04453125 0.303125
0 0.1921875 0.8109375 0.04765625 0.303125
0 0.25234375 0.80859375 0.0484375 0.292578125
0 0.2953125 0.82578125 0.033984375 0.3265625
0 0.33984375 0.8328125 0.0484375 0.3125
0 0.3921875 0.83671875 0.04765625 0.321875
0 0.4484375 0.7984375 0.065234375 0.228125
0 0.51953125 0.8390625 0.055078125 0.315234375
0 0.584375 0.8453125 0.050390625 0.303125
0 0.64765625 0.8453125 0.051171875 0.303125
0 0.7203125 0.85234375 0.074609375 0.290625
0 0.77734375 0.8609375 0.0484375 0.271875
0 0.83515625 0.8578125 0.073828125 0.278515625